17738
13453
10288
16691
17422
17479
14708
19488
19594
10497
13231
10064
13670
10945
16440
10624
18034
10470
10779
15800
11498
16465
13523
12178
15890
13823
12501
11513
14127
17487
16072
19090
17616
15932
18196
14419
11585
13663
13431
13119
17814
19084
19722
10617
11505
13239
10414
11224
17589
16594
17916
18699
18350
15516
18346
11484
11020
12831
17911
10037
13856
10126
11188
15992
17835
13375
13257
19926
11049
14515
15649
11475
11666
14688
15656
13293
11082
14084
19268
11750
13661
10114
16531
16738
19698
17054
16176
19929
17672
11654
14141
11579
12036
12123
12586
17819
10031
19606
18432
11342
11595
11754
12310
16557
11177
13026
12964
15145
14025
16968
12569
18670
16581
14867
16482
13424
14849
17777
15405
18144
10817
14791
19713
15879
11659
14318
13329
10873
12008
18120
16741
16607
12022
12656
17611
17789
16956
17746
10102
19585
12109
19893
13640
18999
19554
18349
15163
17920
17834
19057
14829
13860
13610
13618
11391
12057
15384
17788
18823
14843
10818
10543
12717
11424
12504
19474
13819
19437
17084
11890
13953
18719
12005
10705
15709
14138
18542
18799
16135
11930
10932
18512
19296
15425
13562
17884
18524
12182
17035
15845
10429
12627
10938
12248
18433
17305
15365
17124
14923
16063
18230
15341
15217
15714
10425
16339
12685
16181
18100
13569
15074
18975
12484
10189
15403
10526
11763
19978
13147
10278
14426
17773
13099
11111
16634
10230
15725
14851
15596
17268
11220
16609
13522
13313
16325
16030
14279
11429
12241
16085
16180
19525
17055
19836
19167
17105
16505
18855
13419
12459
12242
15252
10914
18573
12169
10516
14211
17363
10118
16095
16984
16355
10033
14555
18899
14246
11338
12687
13756
10485
16278
10965
10119
18545
15064
18658
18075
12775
16973
13114
12146
17370
16569
16568
16625
18553
17735
19270
13272
13176
12104
18690
18168
14548
11435
16678
17152
12089
18149
15754
13845
11840
18910
15797
17324
15827
16967
14431
16796
13218
16171
14307
13232
12119
10285
17982
10223
13896
13740
17005
18228
18991
16702
14062
19475
11326
16589
10613
18116
16719
19171
16605
15417
17159
18792
10711
19309
13408
13578
10739
16419
11358
11782
10306
18383
15782
16256
17682
17222
16269
16381
15453
17880
16247
10994
11235
14997
18277
18047
17288
13553
12387
10390
10196
12966
14503
12155
12626
15564
14276
10472
10346
10041
14737
15029
15042
16672
17020
14045
14254
12149
16740
14637
14669
13533
19830
13439
15481
19532
14289
16732
14717
12393
19675
18776
15767
10027
19578
11889
12131
16495
19110
16323
19429
16583
17154
17327
11850
18064
15506
16379
12733
17069
15207
15639
12728
12344
10525
14615
13429
18431
16515
17660
17741
17357
12603
19408
14166
15640
12141
16880
16904
13473
13412
13489
16349
11665
17783
13386
14718
18183
14805
19860
11624
11751
10722
11874
15695
13757
13323
14259
10211
18101
18351
16537
11684
12245
13530
12793
12967
18053
19327
16582
12429
14988
10327
14239
16002
11042
18271
14579
14767
12857
11841
11272
19419
19076
17882
19093
13727
18051
13541
18607
14126
17245
13211
14275
12556
11365
12268
10773
15945
18127
10578
10238
16238
16032
11780
17847
11578
11873
14542
19027
15271
14788
14210
14162
16711
14551
19831
18419
19592
17111
13911
12366
13916
19808
12383
13681
16093
10317
11953
13900
19913
19071
15420
18773
14656
11660
12173
13354
19176
19374
11672
13080
19678
16396
15313
12667
19877
14213
17106
12346
10819
19575
10577
11219
17809
12201
15183
18008
19506
12025
17391
15790
15630
13186
19485
10777
18587
11351
12885
15821
15804
14729
16690
16341
11004
18060
19441
19549
13164
13190
14195
14193
18805
13685
12610
11417
18402
13043
10545
11857
15283
19505
19930
14189
13827
14811
16801
14394
12867
12072
19702
16357
18398
19708
10524
17175
19664
16889
19370
15209
19146
14094
12488
19963
13996
18429
12016
18870
10568
18762
10187
14938
17430
14471
16185
17074
17577
17528
18841
18825
13593
10774
12375
15805
14780
11081
16820
17903
17080
19264
18993
11334
14631
15971
16345
10406
15930
19064
15168
16875
18219
19306
13741
15717
13355
15699
18224
11969
10447
19373
14840
13470
12859
10081
12865
12417
11141
19917
13020
18622
18115
10869
12365
11036
19618
16304
14904
16539
16426
19163
19179
19144
11816
18438
10943
16315
12322
16729
10616
12674
14989
11203
12434
16891
10975
15611
12156
19067
13935
10970
15970
15928
12679
10273
10866
16811
16794
15745
16496
19050
18367
10901
10205
13306
16679
12628
18244
15299
11446
13021
13969
10362
17153
16013
18672
11092
17439
18227
15981
11259
13721
19751
10933
19822
13033
10576
13837
18136
19615
13325
13491
19952
15798
16587
18581
15712
16203
15799
15721
18668
13886
10375
13739
17269
13876
15459
10391
13022
17302
16503
11588
13075
19398
14614
13118
15055
13194
18911
19021
18364
10374
15636
16655
13928
15046
16392
19547
18038
18165
19916
17849
14864
19139
16700
15977
19358
14584
14664
11921
15232
13398
12396
13349
17197
19220
14184
14504
13109
12032
11434
10139
10586
14716
17352
16241
12494
17133
12437
14200
17648
12250
10664
17312
12926
19256
11236
16309
18821
17191
12548
15784
17792
13901
18089
14316
11320
19634
10039
15191
11377
10106
10035
14781
12562
12795
18532
18615
10112
19407
12968
18641
19005
17193
17707
14971
14046
16252
13212
17624
12120
14540
17870
12880
16974
12389
15131
15734
15670
14723
19378
17289
19361
16060
12940
12448
19985
16797
13463
13067
10066
16783
14207
19989
15816
12903
19514
18377
12887
19316
10029
15681
12594
10251
10591
15917
13765
10280
18861
18962
16987
19091
17724
17828
15115
15502
15228
15996
15884
15868
11645
11639
19560
12900
14167
16000
10532
13153
13648
17877
12035
11274
14284
13301
15178
10900
19971
13690
14388
14165
14931
19376
10446
13637
11469
12527
13990
17971
12830
14319
11848
10262
17095
14495
15154
11533
11015
13742
19789
18943
12139
13135
15421
14831
13155
18258
12516
17612
14308
13985
15409
17596
19128
14712
14479
18865
16773
11314
10983
13599
17387
17675
12536
12750
13589
19016
10949
10835
18717
11978
11641
12074
15498
11388
18001
14004
15958
18537
18947
10082
14107
16642
19774
10685
19728
18129
12704
13520
16586
14250
17239
17602
12731
18735
19240
18725
11408
18539
12281
18656
15998
12095
12226
12491
19012
16141
14768
19935
19203
12502
19014
17804
13792
12098
16763
16793
11319
15549
17021
15285
13426
17934
11392
15281
13327
18723
10479
13131
15295
13405
16327
16657
15338
19392
13420
14896
14694
17270
10795
15004
18342
15929
12468
15261
15260
15031
13995
13170
17045
17496
11038
15761
10439
11650
11626
18791
18902
17954
16936
15899
14770
18541
13688
11119
17977
17526
18970
19896
17185
10851
13843
17945
18287
16522
17635
17003
15041
17429
10997
19421
14066
14685
19654
11957
18924
16590
10871
15949
14726
14519
15965
10593
14950
13556
17890
16543
11142
10372
15373
11196
12427
16478
19865
18940
19861
14974
10461
17630
17015
18322
16962
12737
19165
10260
18813
17798
17601
15336
11359
17484
18314
15222
18644
18566
19852
16168
17300
18464
16036
15608
16260
19265
17895
11386
17813
13835
13975
13745
14059
13479
18333
19521
15822
16217
16955
11865
12229
13480
19947
10988
13384
13077
14526
17458
18303
11860
10630
15385
17380
12946
18980
18273
11252
19991
12774
11425
11416
19569
14266
19562
11772
10723
15205
16372
13173
10136
14562
12425
11822
15951
11083
11171
10393
16306
17501
10579
17631
17716
11223
10993
15638
11538
18750
14020
18492
11244
12324
10123
11937
10396
12614
12260
19304
11418
18486
15332
16235
15376
18733
12066
15698
14176
19563
11291
17855
18019
17160
15000
17523
18152
16570
13300
17025
15463
17626
19719
14037
19706
11863
19440
11662
16849
19049
18098
14008
11636
10504
10515
19181
13184
17686
17898
14485
10125
17940
17181
15130
16347
14483
13875
15008
17685
15595
11724
16838
16103
17729
10678
15626
18489
14517
14803
11305
19765
11026
16157
15017
11661
14358
15141
19807
10896
11732
11376
13956
11720
12747
14174
16285
19526
19061
14646
17594
16728
15570
13069
19552
18936
12000
17167
12564
10180
10595
10233
18739
16321
19502
14941
16163
13571
13346
15555
15942
11370
18080
19206
11058
14648
10688
18450
15872
12076
19178
18974
13881
19960
11154
16705
11838
17275
19693
10922
16104
16689
19530
11389
13965
17337
13955
14235
18175
11880
11612
11489
15306
12069
10145
14505
16861
15554
11979
17766
10839
18096
18812
15116
19209
19934
14090
12202
19453
18963
14336
16374
18208
11933
16831
17990
10890
10051
11306
16462
11470
12927
19565
11281
16721
15301
13538
18328
11159
19582
12374
19646
18498
12576
11525
18131
11768
13999
12889
15190
13677
14150
13791
14139
18711
10486
17793
12796
12929
15396
13142
14391
19718
17873
18475
10834
13921
14006
18394
16081
12330
13233
18387
12578
12191
19311
17617
10802
18631
15806
19471
16629
14461
12407
16014
10856
18850
15310
14761
11925
15689
10885
10019
15824
10071
14328
13280
14890
16438
19951
13591
11765
13897
12666
18928
19527
10204
14198
12521
13095
10315
12937
13374
13389
16888
14068
17328
13619
18664
17794
18998
14874
10407
11633
12184
15675
15643
13227
19491
19853
18877
17677
18729
16747
17745
17843
14280
15236
11161
11709
11102
10596
11769
16471
15746
13872
19400
12535
17894
19753
17872
15876
11515
12697
13676
13869
15187
14361
13370
13254
15040
19503
16467
19873
16776
19315
19386
10987
14376
10600
15911
17968
13161
13701
16132
11332
18580
10862
15034
10370
16686
15087
16822
10240
14251
11253
18070
11972
18832
16530
13357
11878
15482
18787
15287
12644
11700
10622
13185
11688
13486
17878
10314
16114
19020
12233
15521
11140
18994
10852
18058
10979
10434
17436
16413
18886
12392
10334
14857
11100
12565
12466
13104
15374
18223
11908
10973
11771
11148
10615
17775
14352
17211
11205
14703
15891
10621
15718
17786
17456
14436
14118
12410
11079
15352
19283
10353
12545
12067
12188
11329
13070
12533
12199
11413
17332
17888
12102
10635
16818
10245
12127
11014
12778
19035
10944
18535
12572
14833
19145
15976
14892
11888
17382
17936
18955
19790
19149
18837
16765
17362
14309
12815
18363
14591
15517
15201
17859
15401
17085
17138
16677
19250
17237
17723
15565
19839
11502
13718
13371
10282
19318
11132
12406
15490
13549
13564
15035
13490
14330
11152
11496
12219
16944
13686
18207
12531
12641
12985
10088
14086
10105
14113
18308
18358
12676
16225
15045
18611
10765
12384
13597
18229
14992
16896
13626
15397
14163
17863
10732
11241
15825
11044
10036
14846
12600
10640
15567
16066
11621
11741
13726
19814
13335
18917
17492
17146
17431
18538
15587
10895
14346
12575
16197
12582
18307
11360
11500
17633
16735
16417
19792
14044
10267
16460
13800
15655
18831
16755
14599
15231
12001
10474
18854
11674
13416
18087
11073
10718
15486
11323
15983
16071
19587
12727
18916
14866
12891
10495
10382
18083
10755
10692
13601
11011
16337
18079
18347
11160
10050
18749
18932
11691
18006
15380
10814
13120
10800
14396
17008
10313
11251
17218
16623
13258
16668
17947
19564
15895
13430
16229
10961
10830
18497
12287
10373
11483
10751
12444
15449
15866
19105
12917
11437
15741
13961
15436
17634
14232
12063
18334
17266
18231
12761
19959
16090
11961
11104
19915
15940
17561
14740
19818
13110
14104
19858
11051
12996
14172
19214
17943
15510
14538
18852
19813
11213
11046
18938
16262
12631
11764
15497
18804
12746
10608
11396
11936
17516
13172
19850
15546
17062
15732
16563
16021
17251
17897
10517
16031
12052
17183
16494
12955
12583
19204
10794
12480
13644
10483
15756
10969
10134
19200
12988
11712
12181
19948
16724
14003
12893
16261
19051
17325
11508
12921
16156
13012
10411
16567
10977
11619
17243
15650
15114
10876
19998
10529
19312
18600
11349
11261
10637
13804
16683
16613
18555
12004
18105
14720
19920
10561
16952
14710
16922
10528
18903
10038
18405
15779
12934
17748
14678
11581
14594
17144
11791
12143
10329
17130
18592
17278
17465
12235
16848
14389
14302
10883
17758
12883
14061
16899
15622
19623
14998
10671
13394
14300
16003
15118
13914
12126
12585
15071
14672
10832
10683
16676
17959
19201
10916
18039
13675
12659
11463
13654
17217
11917
11965
18859
17287
19684
12851
11606
19025
19261
16360
17807
17277
16152
13807
13636
17684
19747
14227
18807
17576
19968
10913
17721
13060
12528
17756
16969
12018
12670
11647
14277
19922
14033
17127
16150
10360
15466
14474
10892
12027
11997
15265
17515
15908
11721
19659
13314
19053
19015
16012
11701
10950
19519
11574
14457
14836
11053
17966
18259
11207
17438
12935
15500
17597
16788
12289
17064
10981
18239
16734
19515
17088
10239
18406
13092
14428
11864
12664
12938
14911
12852
10793
15775
17417
18619
18448
12364
14894
19619
17531
18705
18907
11702
13852
16894
18004
13704
19908
12976
19177
11584
12555
13007
10419
15173
18602
11935
17504
11339
12952
14208
14194
18007
12215
16346
16752
13713
12206
16814
10055
19470
10467
12450
18487
14158
18531
17693
17774
15312
16410
16748
14456
10444
15392
11292
10775
18242
19584
17107
17700
19038
15027
11600
11828
13133
16230
18982
19823
13908
18221
19573
10101
12633
13611
15783
17933
17975
17645
19481
14310
19771
15844
10695
14683
13535
14209
12464
18126
18344
14385
11680
11454
12589
14809
13423
14146
14099
14074
12093
14188
17109
19045
10418
17253
19825
16084
16957
13458
17485
14179
18586
17157
11823
11866
16431
16914
11089
13617
18803
12457
16742
14908
13948
10768
16275
17442
15395
12012
14722
14547
12871
11485
19918
10171
11061
15918
12107
12158
10320
13483
10787
14999
16886
17494
14222
18396
13555
11005
19192
13898
10490
15957
18766
15353
10942
12801
11025
15598
19608
13488
13615
14746
12280
19448
11557
17827
10604
18072
16161
15744
18748
15532
16209
18504
13485
13863
14049
16258
13326
11516
11029
14996
17623
19921
13312
14948
10322
19185
17918
12640
11611
15846
18808
13922
13425
17192
10574
10103
12416
12980
10799
16687
18112
12945
15305
11032
19062
16901
12657
12875
15831
13045
10473
18684
18248
15542
17299
14943
14660
15959
10903
17214
18768
17150
13596
19600
16195
14343
10567
13162
16862
12382
15377
16198
19955
16847
10237
14012
11405
10995
13987
18370
10962
18983
19820
14455
14913
18740
11644
15056
18605
18847
13631
19266
14256
14920
18088
13700
13762
18810
15161
17598
17230
11350
15682
18815
12822
19597
13009
15648
14384
19845
14313
18257
14654
10062
15750
16627
15345
19121
14516
17715
11233
11779
15240
10269
13814
17421
12385
14422
19857
10163
12142
12078
11576
17970
15325
18851
16042
11727
10007
18946
14459
14030
15270
16439
15248
17771
18220
11393
19815
16975
16806
11096
18663
18011
14272
12918
19967
12981
17012
14190
14241
17862
13085
18114
11787
18774
11617
19310
11183
10985
18934
14728
11541
12198
12639
10644
11461
16045
18163
18639
17769
14454
11735
16408
19156
14171
14379
14414
18376
13392
19699
14560
16743
18702
16493
12993
15032
16118
19133
10967
16067
12680
10437
10743
13781
19347
15025
19332
14399
13546
15100
19586
19412
17704
15098
18483
15348
18687
13090
13034
16708
18399
11474
10244
10791
13632
14980
11882
17803
10057
12864
15507
16553
10680
14441
15216
18509
12209
11327
14546
13068
16366
18428
15444
18978
18915
10078
13926
11443
16577
15323
14815
15237
18951
11215
11544
12338
11300
11715
18022
16267
12196
15705
15166
19674
12701
10731
13692
18474
18616
14823
14048
11439
17667
16766
17607
17657
14674
15513
10833
14258
13760
12897
14432
14977
16245
15793
15974
13318
10015
15011
12292
18693
12758
14095
12376
15282
10907
16508
13134
18017
16120
14994
19120
19859
10377
14513
12042
11527
14839
13679
12835
18453
15901
11249
14204
13941
13930
16279
10156
11686
16859
16106
19641
13137
11003
15571
13496
16578
11891
18688
19141
16779
11759
16474
17615
16173
13834
15478
13710
13382
17381
13769
14402
17407
16338
15013
14697
18147
11381
15850
15219
13517
19351
12150
19711
12419
19466
13643
19065
17445
19854
16001
13831
11801
12028
13378
15722
14349
14260
17194
13568
11717
13821
17599
14924
13321
10067
17351
13432
16205
16694
11311
11399
15924
14324
14630
15043
19338
14327
13735
14793
13309
16423
12925
10261
18424
13604
13145
17759
11357
17981
12100
18920
14453
15160
10135
19081
11572
13467
11186
17593
11913
10784
11108
15150
11981
15820
13883
19924
16908
15777
12487
15727
14314
18764
16656
17815
17861
11054
12595
19756
15634
18179
10648
12803
17290
12145
10602
17120
17904
11227
10639
14917
12347
14052
13113
15195
18189
10155
10433
11189
16873
11593
17572
10566
11522
19227
12671
16075
12551
18820
19614
13516
14180
10670
18650
15057
13215
18868
13132
10546
18095
18623
12040
17229
14518
13857
19943
11532
11954
19745
11551
16088
17043
17913
16978
16257
10225
17326
15975
17887
12655
18989
15044
12110
15702
19205
15378
14750
13267
15496
10309
14317
16199
11778
10289
17156
14342
17039
18579
10421
10176
10148
11010
13540
12611
16731
11335
14827
19556
11420
13641
19029
14633
17033
12288
14054
15058
14392
15065
16237
16464
15431
15815
14287
12559
18134
18040
17116
11260
13336
11255
15206
14511
16603
11737
12802
16925
13970
11859
11603
14550
10357
19123
10293
12997
16985
19828
14644
10151
15442
13240
11394
16305
18596
11158
12460
10700
13712
16981
18919
11594
13274
19199
17826
11444
14076
15247
18908
13010
15878
10099
19950
18501
17078
10974
10533
19531
19342
13427
12007
12811
19142
18068
13510
13136
16651
14115
10146
19649
18769
15103
16069
10402
12360
19520
13141
17164
18444
13167
14818
13573
11858
12031
13709
19994
15967
17426
11013
15350
18772
13130
19153
18727
13887
12678
19058
17687
18236
13088
11157
10549
17094
16710
10872
13521
14282
15107
15504
19255
13417
10303
11170
13944
15685
18502
13515
10468
19669
14632
12863
13307
11243
16602
17317
11397
18451
11312
18102
11356
13936
17165
11713
13055
13695
10638
12087
10164
14181
12278
16281
11289
12220
18662
15095
15592
11843
17636
18466
15280
17415
13816
16750
13812
13503
17670
15227
18775
14887
18971
13529
10849
19382
11504
14001
13825
16588
12060
15174
11915
18783
18172
15278
13276
14091
15476
13390
10679
15483
12698
10764
15897
19254
14475
11805
10992
18741
10924
12271
14981
10842
12116
19056
14759
17400
16167
10195
14445
19108
11343
19964
10562
15738
19451
13949
18035
19467
10422
18301
18714
10147
15574
14285
11262
17866
13973
11788
17566
14508
13833
11831
15229
15633
10340
11099
10564
12461
13614
15343
12496
14467
19103
13959
15563
15257
10541
15334
15606
11453
10719
13238
17643
13150
13078
10172
14215
18906
18150
10926
17171
16406
10006
12725
13841
10044
17544
17198
11534
17563
16188
17755
14411
19764
18968
11460
18435
19744
12294
18635
14959
15383
17401
18247
17471
16236
14771
11589
18340
17743
11613
11362
11035
10152
14960
18092
17891
11855
19871
12096
15961
18959
14430
12691
17697
11530
13441
14085
12368
12043
11457
14509
12846
10043
13579
19832
17560
15050
10582
19161
19591
10838
10879
12526
19193
10431
16208
19817
14521
12243
15943
18178
14123
11677
12030
19880
12409
17379
10935
12471
19741
18824
18028
18554
10048
17725
17907
10478
19866
15493
17058
16064
19399
12648
10737
15657
12034
10538
14629
11707
16485
10815
14693
15259
15624
12910
10200
19855
13351
18269
11401
15619
17313
17962
19323
18071
16033
10150
15523
16131
14902
10527
19300
14355
14223
13196
16871
11091
14135
13838
17569
11107
13158
15126
16437
11436
14449
15701
19805
16070
16632
18133
19285
11637
15199
11947
17297
18104
15096
10810
14983
13476
19782
19653
16554
19008
14942
19939
17797
17038
17394
18313
19979
10750
12894
12462
18779
11932
12741
14956
16637
13428
19593
18676
10668
17335
12828
17565
18822
12397
12581
18856
12046
12998
17539
17985
17529
17452
11990
12071
14801
15906
16274
12870
19794
16572
15807
14136
15569
16815
10061
18666
11238
10098
18169
12817
14826
18638
16692
19833
19736
12624
12723
12377
13797
15023
13294
17090
16878
15641
11464
17169
18268
14451
14366
15048
12183
16035
19478
16931
19377
10052
12514
11155
15920
13895
16499
13536
17778
10666
11385
11884
11121
10627
16991
17658
14124
18550
17984
18816
18730
17358
16667
19074
19697
18875
17338
18052
10227
10451
18838
17205
19333
13613
12539
18642
12154
14387
10788
17067
17762
16394
10989
11023
19477
17912
19260
10880
13708
15616
11030
15415
13320
11273
16520
16824
18844
12362
10643
19696
11101
19129
11563
17533
19609
18681
16869
11075
14993
11875
13913
16062
18082
12194
19973
14248
19710
13862
13381
16733
15398
16821
12512
13338
17986
12789
19733
19539
16507
16526
17500
13157
11535
17147
11062
12598
12751
17279
10441
18360
19705
16923
11646
11694
11234
15813
11114
17969
18781
14984
13292
14056
10323
12812
12211
14814
16829
11871
10111
16917
15812
19904
10410
15653
16402
16971
16681
18235
19685
13063
12748
17856
16945
12557
19720
12232
10503
18606
16373
15941
19462
17125
16433
13286
14357
15233
12315
13451
18652
13098
19173
12438
16160
19692
13024
12343
19232
15921
18633
15631
18046
13697
19679
15435
18002
13097
16996
10149
17727
18266
10570
13464
13418
18569
18527
11374
18896
15832
12113
16177
19341
19949
11423
16446
12187
15073
12273
18110
11164
10198
16770
19328
16053
10727
15488
13369
11985
16253
10551
12992
19775
11547
15607
16302
18177
13029
10641
15324
16008
17591
10921
19941
16760
19239
10963
16521
17717
15944
15939
17956
17453
10113
16509
12896
10542
15986
11956
11333
12331
10380
17996
16810
10286
11221
11043
13168
19234
17979
11893
17047
15213
15956
17781
15112
11451
13220
14574
18195
15668
19487
11308
11331
15540
13774
18341
18182
16422
12877
17874
16147
10758
14782
13030
15627
16175
15874
12606
19422
18760
13910
11597
17909
11115
11151
17764
13858
10250
15092
12391
13977
16675
10747
13073
13499
19434
12405
18097
11322
14745
14374
14936
10070
17736
11258
14010
18800
18634
12509
14558
14762
11064
13402
16949
17784
18713
11927
15858
16756
18568
14986
14884
11651
10953
14489
10295
18381
11118
17780
16201
14413
19337
18863
12951
19026
13853
10161
16388
15149
17649
18558
15214
12529
10522
19577
15129
13889
14334
14583
18530
18180
19900
10580
13042
17386
17627
17001
16516
12083
16778
14680
16219
11914
12256
11663
18866
15151
15676
10456
12267
19536
15143
12821
16769
10742
13052
18901
14640
16619
15089
16389
11371
12424
19024
14040
16101
17702
12621
10508
11237
14125
18427
16745
10951
14160
10966
13671
19291
13208
15316
10028
16966
20000
16635
18103
14446
19616
17342
13339
16277
19966
10836
13350
15226
14847
19878
17659
10428
17376
18233
15360
14340
19489
11414
14271
13759
15678
19617
14134
11116
18003
11149
18698
15381
19762
13559
18898
10184
18578
14231
12284
15009
14057
19499
12892
18966
12128
10365
18610
19364
18858
13772
15387
16137
15551
14237
19403
10552
18415
17656
10628
16992
11373
15535
18421
14808
13268
10212
16213
14042
19749
19459
18445
15614
19819
18354
16017
14715
18700
19847
18534
10053
13005
14774
14093
10092
12756
10492
18440
14257
12019
19010
14331
12790
16907
12264
15171
19469
16874
11846
15366
10440
12395
12205
11959
13107
17701
10183
13407
19418
15659
11902
15474
13892
17489
16078
11422
16214
13518
19151
11951
12334
17811
18515
12608
16919
13750
16780
18712
13444
12782
13270
14794
18181
11284
18160
11265
14985
14294
15067
17350
15012
14055
11347
10482
19686
11182
16982
13561
13128
17482
13656
14070
11565
19198
15438
11824
10465
12323
19287
10898
18559
15837
16436
15573
15117
17016
16016
14671
10291
11057
14088
12420
16294
14463
12428
17520
14795
11635
19219
18909
13422
12689
11278
16174
13197
19321
18439
19824
13116
16314
15989
16592
12056
10333
10713
13855
16757
13650
11239
19388
10929
19769
19456
11070
18016
13193
12050
19944
11967
19130
11117
19263
10090
15434
13620
15963
17463
12692
14957
16960
19089
13539
17052
13181
16753
14880
11179
12435
12265
10733
16868
11657
16192
16074
16885
17032
11837
19666
14036
18742
17915
18481
15674
18425
15877
11682
11542
17331
15778
16855
18613
16117
14822
10084
15186
16313
16883
12979
14484
18155
16268
14434
15647
10703
10368
15464
13383
11176
18031
11282
13410
17281
18081
15753
12251
16487
19611
18536
16979
17831
15136
10796
18931
15110
17541
19987
17871
16148
13064
10141
12781
13477
13931
15862
16250
18211
11190
17450
17799
12959
15760
15529
12234
18540
13696
19844
16997
18528
12567
19066
10563
19925
11103
10016
11403
18157
19435
13790
11790
12114
14122
11964
10221
12212
16056
18304
13866
12884
16646
13714
10521
17388
16670
11591
15993
14490
11303
13563
19396
17140
18557
17585
12179
10409
17750
17432
14682
12266
14011
15919
11896
11052
15751
10868
11934
12810
15552
13217
19636
14196
10857
13998
12579
16233
17030
13011
16228
13356
12193
16094
15273
15407
16151
12643
12798
14502
15544
19804
14870
18251
13754
15197
14900
15446
10275
15053
12862
14568
11996
12495
10939
14168
13984
15394
16202
19356
16942
11428
12138
18331
16502
14776
18327
11012
18294
17252
11162
10157
12261
13362
13871
14743
10877
17924
16774
18459
16598
14320
18293
13702
19009
14072
10556
12398
16898
11487
14699
12481
19461
17272
13612
12899
15404
19410
16353
10947
12054
13755
17099
16336
12922
19652
18882
13493
14365
12708
11562
13474
15792
16380
11973
19354
15030
17710
19092
13278
17378
15933
12225
16480
17409
19651
16335
16136
13201
11125
11285
13265
14264
16266
16484
18200
14159
18021
15537
16533
19230
17987
11481
14216
16246
16492
12847
15605
19228
15330
10243
15075
12302
10911
13667
18062
18380
12566
19793
15584
18914
13347
18306
10702
12658
10020
15914
12291
14082
18643
14663
13605
10069
14675
12309
12236
15347
18284
10449
12932
14777
15836
14565
11247
15773
12777
10841
19956
12423
14879
19353
15142
10642
11021
11892
15128
13406
17644
16461
18571
16912
15386
11426
12297
17468
11409
14751
18759
16909
11379
16787
19544
14949
19776
17202
12805
15333
11199
13229
14228
19052
11431
18990
11517
16363
17440
16082
19891
16854
18256
15875
13049
16264
10191
11297
15461
18499
12826
11825
10757
10540
15439
18857
19538
10792
13603
11407
11063
15818
11017
11819
19523
15873
16622
18525
19463
15642
14323
16276
18090
19595
16270
12345
15246
10270
12820
15715
14000
17853
14038
19856
15277
14872
15749
15037
10328
14149
14966
13534
13180
18171
10399
14582
13904
12941
12962
10264
13452
12442
15724
10202
16959
10013
19731
11364
19657
17349
14587
18833
12430
15379
17368
17408
11478
19864
19806
15833
16479
11524
18798
17037
14921
12553
17002
11390
10675
12230
17208
17549
14828
15019
12702
10166
15422
10548
10242
10107
18517
15801
19841
15014
15597
15652
15180
10587
10351
18210
12580
12833
17134
17893
14692
15673
18496
17953
12134
10213
11704
13606
15644
18608
19821
17681
18626
17267
18063
19216
13796
12522
10964
13457
16375
16536
12912
19271
10823
10131
17248
16077
10519
14871
18786
11166
19394
19516
10030
11246
17066
14955
19427
19393
13304
11708
18145
16105
18789
10186
18240
10884
11048
11094
13937
16223
12669
11477
12337
13395
14143
16098
17113
12400
14523
19888
11616
16091
17858
18683
19036
11519
14760
13939
17652
11739
10307
17255
10178
18944
17096
18651
17719
11462
12779
19458
19414
16350
15548
17558
12483
19670
14270
15915
14611
14326
14765
10025
16616
17939
16601
14281
14468
17093
16638
19118
17483
15224
11671
10059
13951
19928
14154
11854
15988
15230
11033
11971
12597
18881
11599
14810
19191
19275
14415
16612
14528
13205
16240
14363
18589
18404
10265
17619
14935
15684
13448
18014
12538
11928
18738
14442
14635
12662
19238
17103
12769
19213
14576
17315
10690
16005
17995
16412
16052
15757
10116
16122
11989
10022
12963
11310
16476
15175
17698
15755
16221
18655
17680
12707
13487
14423
10331
15719
19992
15082
15182
10165
19655
10120
17647
12298
17461
11940
19583
11960
19314
13717
16584
18164
10559
15109
10109
12724
14240
18894
17776
14643
11746
13111
16004
11569
11264
18984
19791
19581
14253
15194
12258
12632
19041
12218
14527
16097
14501
10537
16007
13585
10955
15090
16946
14876
15700
19175
12312
19075
18282
18454
17718
12990
13560
13379
14744
19901
12224
13256
14247
11903
19721
18167
15740
18953
19759
19837
16466
18437
17992
17006
11222
18148
19605
14592
10063
19714
17770
13738
18627
13962
19106
12942
13195
18765
16418
15391
11217
18067
18671
15049
12088
16994
19546
15382
14856
15264
19162
19631
13758
14642
19906
19078
11877
17905
12021
11986
11615
17850
10162
19411
16435
12829
11138
16127
16142
10424
11818
12167
10752
13703
12755
14170
11944
17467
10477
14536
13699
11835
17510
14506
19752
18401
15909
16108
16832
10173
17993
14128
19700
14753
16359
15452
18588
17731
12210
12321
18044
10584
16833
13404
18368
14944
19535
11983
14197
11747
16976
11497
19849
19522
18574
10749
14912
18546
10603
14299
11212
16351
11586
11146
18414
18842
10096
11455
18412
12909
15220
18744
19100
15602
15146
13622
17618
17691
17507
19365
16864
16633
11473
12901
12673
11632
11977
14679
15368
19735
10806
16251
11628
14225
18353
15842
13071
14724
19019
15038
15484
11354
12135
11736
13891
12591
10878
18793
15016
10889
11540
12719
15907
11870
19550
13902
12293
11620
11129
18395
12305
15094
16921
13315
17876
13385
18929
15300
13784
17225
18811
10672
17584
11296
16995
15099
17170
19886
14153
19644
19537
14535
17722
18138
16660
15243
17395
18238
19907
13551
12077
14835
12373
17224
12683
11718
14512
13177
15153
13198
19754
11495
18416
10325
13943
14137
11999
17034
15157
17341
17227
10218
17354
10535
18320
16343
10783
17174
12807
15525
10569
12359
15479
16089
16055
15632
19517
15307
15810
14116
19498
10502
18411
10684
17019
11520
19406
15212
11792
19054
19279
11316
16519
11795
16830
17676
13991
17620
16231
12838
15896
12446
15518
18151
17869
12238
13018
12860
10387
10554
14792
10904
19542
14212
15184
13616
14556
12300
19748
17076
16828
15852
13801
18122
17948
10356
14972
10821
19072
16207
10385
14047
18686
18529
18418
18654
15177
17385
12604
16730
11318
19329
12308
15335
11894
13691
16194
13635
18563
19269
18026
12703
11729
17603
17079
14647
15250
19278
11194
10337
12573
10241
19137
13475
17989
13905
12311
12367
17822
19326
16749
13328
11924
15995
12045
11181
19401
19124
11200
18309
19077
17805
19799
17199
10653
19082
11836
10454
13166
12411
17567
17151
19995
18393
14492
19284
19339
15294
16289
16139
14731
10709
11799
14595
10462
16489
10464
10077
10730
17347
16527
16186
10986
14906
18720
17024
11862
19155
11302
12563
18790
14937
13554
11992
14709
14292
17734
12449
11018
17796
13668
14424
10371
17367
14652
18552
11568
19070
17578
10828
17176
15677
13056
16458
13810
18330
18213
18942
15503
17220
16159
16953
13409
13399
14242
17108
16737
19838
10412
19757
12759
12333
11912
10203
17009
14348
15375
16166
14585
10259
16038
13575
13413
10493
11240
12350
12760
12106
13241
13462
14606
17937
13219
12660
11548
18400
15871
12649
12844
19933
12767
10697
10881
19923
19368
14110
10786
17845
18337
10000
11556
15036
16134
12625
18954
19003
12327
12239
11034
14306
11202
14543
15284
17609
15125
12618
19132
19109
19040
15472
13815
13397
17031
10268
14087
12839
11623
19148
18190
10682
14217
12485
15317
10936
16424
11047
10910
13957
12357
14169
17761
16020
14043
12547
19125
13377
14789
15487
17460
19444
11450
17061
16224
10655
18458
14891
19253
18585
19528
16046
12216
17965
10060
12736
10338
19512
12840
12753
14816
17505
19293
19974
14063
18582
17666
10354
18617
15208
13115
13084
13666
15424
17161
16717
17307
19770
13624
12560
15615
19480
16155
16805
14500
19048
10996
14530
16786
12091
15968
10220
12616
12869
14859
12477
10287
10201
14673
10364
13888
13884
19404
19225
10228
14727
13832
16504
19468
12051
15225
13225
10455
14735
14039
18010
12381
13706
15079
15256
16571
13146
16411
19360
11756
16933
17292
18598
14973
19635
11055
19599
18289
15560
11899
13645
18736
15158
12257
10254
17392
11853
19796
18926
12412
13108
18625
10534
18261
19632
10845
15111
11293
14860
18718
16407
13587
13925
12024
18817
14103
13203
14898
16334
13525
14447
19579
15033
17922
14817
17110
10606
15859
13299
18159
18184
16918
14130
18386
12499
16477
17371
14293
16112
13906
12041
15139
13628
15085
14783
15791
17091
10725
18094
16068
18848
18318
15084
15851
12390
12275
12931
18374
18795
17713
13915
17304
16963
16296
10599
11372
16086
14741
16362
17360
10687
12776
10673
14764
15408
16860
19472
14624
12349
16630
19500
18254
12542
14286
16361
18462
13972
16286
10745
13311
17571
17860
12696
17396
15600
10767
13388
11552
18660
11313
14910
14007
10930
16124
11506
12386
11492
17550
19887
14626
17301
17823
18305
10651
13468
11192
17754
14140
11839
15274
11605
10706
16834
15580
13737
14354
16288
19895
11655
15962
12436
18707
13138
15893
13680
19677
18511
19154
11113
15747
11449
16511
13415
17881
15795
14390
13771
13986
12277
14520
10292
11793
14005
18315
17433
18460
16865
14895
12827
10919
16451
19237
10046
16846
19982
19603
10583
14067
13421
14148
16561
13447
12928
16378
18667
16109
17136
18731
10500
15785
18467
12850
11528
17232
15193
12596
17233
18939
17493
17355
16006
18162
17491
10197
10311
12904
14602
11560
10741
12227
12299
13983
17057
17518
11766
14990
16697
17513
14946
16999
17319
14742
19712
10588
17418
12570
10550
15322
15069
19425
12222
12599
13501
19768
17443
14905
11211
11441
15441
17428
18382
19152
13966
14406
14429
18202
10728
17365
17014
15990
12255
16037
17545
16709
11929
13341
15926
14283
11955
14954
10342
11503
17180
17651
11976
12745
19195
14367
16812
16998
18599
17662
15854
16248
16649
15097
19274
17383
15249
18042
12695
10507
15005
15432
12503
19369
13623
17842
19325
12623
10005
16391
13964
17189
17166
18397
18325
15894
14425
15618
16640
18443
14435
14078
11134
18048
16550
17901
13806
17557
11920
13747
17511
14478
15664
18506
14220
10438
16354
13830
12508
18614
11466
13658
12832
10753
18814
16986
12525
10897
13945
14514
13924
18332
12816
10991
10199
14205
10498
12636
15527
15848
17818
10984
14236
10636
13403
18037
17077
16121
16712
12705
17145
10946
12720
16930
15445
19727
15020
18319
17655
11804
18957
17757
15789
11649
17309
17949
19257
16666
14243
11868
14702
13469
15558
10400
19097
17708
13466
17186
11412
13216
13780
10093
13782
14918
14820
11773
19457
11135
15159
10154
18139
11911
14182
19183
19379
13646
18679
18365
12794
16682
15002
11695
15882
19568
18441
13032
17928
17540
10459
10159
15070
14639
14691
12463
12654
11687
19797
13572
12177
12652
14786
18603
17142
16328
16518
11109
11800
18843
14014
12326
13262
19622
15202
18567
10632
14345
10263
15148
11761
15412
15520
13639
12017
10663
18722
16443
10698
18561
12882
14958
11442
13445
12950
16744
15603
17204
16817
18675
12493
18283
12217
10560
17580
19423
10654
13038
14353
15102
16746
15297
11144
16024
16688
15263
14600
18839
14377
15524
17210
16517
12958
15390
15703
16259
17923
11472
12160
17345
19626
18299
10190
13974
17709
19079
10389
10968
16654
13981
17841
12286
12159
11447
13746
11074
19738
19233
17650
13630
14356
19172
10956
16827
19248
14144
11378
15007
18188
14649
19046
14301
15861
13608
14525
11897
11499
17921
18753
17562
11634
17291
19566
16648
16659
15169
11093
18659
19639
17046
15736
17534
18503
17967
15167
15015
11945
10281
10859
15696
14438
12084
13693
11526
14676
12819
16836
13291
11126
13802
13253
11419
15763
11127
14807
10018
16096
13343
13682
17343
16574
13528
10816
19509
14842
14522
12136
14991
13683
10104
18949
15900
15018
10848
18904
15691
18912
16457
19781
17582
13332
13163
11521
17449
18986
14987
16876
17311
10948
16761
10572
17303
15372
18482
15081
16364
18355
15339
12960
12301
10657
14677
11802
14021
15934
13013
11905
13047
17118
17455
18187
14371
19919
10388
11068
19680
14249
14573
18997
18119
18867
12295
19787
19783
14499
13971
10809
12380
19000
13234
14262
11950
19534
11184
12770
19717
19428
12939
16322
17100
11668
14661
12808
16123
18522
15729
19363
18809
13057
19011
19454
10427
11577
11786
19840
17613
17914
16483
19524
16716
14537
16841
15578
19870
13842
10867
15794
12015
12048
13156
15723
18878
14369
17359
14142
13401
18447
11643
19096
17955
10597
19490
11382
11919
11570
19208
17927
18170
12115
19449
13449
17703
15308
12140
13504
15687
17203
11618
15898
17892
10450
10658
15451
18311
16597
15829
13967
17048
12716
12984
18632
14009
13732
18015
13903
13433
15152
18137
17673
11490
15505
17472
18316
15960
14534
15553
10693
12254
13059
17051
17857
13627
10797
13808
12213
11909
16870
12675
17983
16680
13434
19997
10626
11723
10056
10466
12856
15594
11067
10803
19387
12806
13711
11467
19911
13259
12101
11667
14577
17000
19704
12092
17926
15902
14965
13282
15697
16843
14730
16029
16125
16882
10960
18778
10458
14796
18703
15561
15211
17475
15443
14575
12919
19164
19737
14339
17978
11072
19574
18106
13558
10192
10894
13372
19970
16792
11095
13303
12290
18628
18945
13642
19273
13580
16754
18323
13221
16523
14651
10469
11411
13865
11491
18449
16890
15557
10366
19417
10004
19044
19028
10442
12520
18465
15927
12263
11811
11703
13495
17787
14132
10790
12738
13302
16179
14041
14868
13148
15433
19073
16297
10712
14481
14304
11966
14618
18385
18521
18339
13230
18818
11698
16191
12369
10321
19811
14032
17132
18298
13289
12612
14601
11045
19739
17779
12097
18206
16927
15536
18217
19002
11726
15514
13316
10937
17958
19168
18436
14909
15999
10398
10011
19413
16010
13625
12335
19267
11309
11060
13455
13730
14416
16051
14131
15980
17639
10049
15132
10665
16825
12185
16807
15123
10002
10844
19889
18819
11886
12519
15105
19460
13724
17464
11808
15218
10952
12513
13968
11681
18640
13279
16541
17711
13912
12037
16856
13027
15198
12786
19143
10585
14335
18389
13228
17374
17705
13366
11139
15254
11226
17207
11834
19119
19187
13947
19501
17448
18784
12189
14812
10888
12814
19802
10891
18029
14586
10846
16548
11336
16080
13310
16432
16851
15802
15494
12354
17820
10426
19724
13454
10781
15275
16915
14395
15321
15575
15371
18209
10539
11210
13934
12907
19188
16785
13340
14255
18263
10257
15221
19874
10701
19730
13867
16940
16599
13789
13000
13440
10778
13054
18523
13960
16534
14927
17514
17070
14191
18895
19940
10496
13798
18317
19638
18345
18794
18185
16182
19433
17018
16100
13609
10650
10633
12151
14625
12890
16263
18751
15969
16140
12443
10217
17323
19682
18849
11610
14830
18629
12408
19773
15849
12744
17694
18956
16048
12593
12973
11267
17310
12905
13509
14400
10194
19166
17942
10514
10009
17641
18604
18362
13121
11077
12615
15762
18678
17446
12172
10805
15579
16427
12620
16840
12784
12314
14370
14114
15362
11163
11330
19848
18961
15867
16298
19439
18296
14350
14265
10246
19777
11493
12923
18716
14273
11250
15830
13175
11348
10759
14164
10443
17886
16535
14945
16170
18249
15165
10247
16703
17867
19088
10855
18392
12195
12587
17952
18128
14417
17139
16249
16970
18463
16153
17548
16026
19898
14407
18490
17816
18222
12414
14218
15359
13938
11511
12033
18985
13545
19083
15137
12306
17988
16538
12157
18618
10076
18927
15413
18734
19969
16429
11609
12490
17081
16154
13129
19642
18556
19298
10129
17259
16863
18746
13151
10170
18054
10594
17470
18597
11738
11175
18876
15063
17661
13031
19990
10899
19212
16384
13794
18897
15266
11653
17295
12523
15469
14622
13565
10215
18338
19221
13885
14245
19596
16758
10232
12853
10249
12590
12971
19272
11710
12117
19023
13250
18691
17040
10403
19541
18280
16844
15176
16490
10874
17473
17182
13547
16723
13182
19786
11059
19495
19954
13061
18205
19430
14311
11131
11283
18923
18577
18246
16579
13880
18000
14303
10222
13337
18973
10058
17654
16546
15635
19246
11400
14850
13041
12208
15499
14612
19945
18018
12855
17665
13752
11847
10782
18879
12947
19688
17226
14758
10863
15293
14617
19683
12965
11852
19868
14192
12571
11287
17559
15418
12734
18677
16902
15743
10581
18630
18484
11254
15429
13864
18958
19086
18366
17240
19381
18889
12262
19707
12842
15556
19384
14477
10813
10523
14073
18834
16293
19134
17632
19231
19846
17543
14295
19529
19235
15582
16283
17286
10432
10734
17486
10040
18410
13028
19570
17454
10557
10571
11299
14155
19415
17330
19903
18595
18286
12270
14616
15245
18478
13160
14590
10471
15328
17508
15363
12837
15690
17321
16110
15039
16566
18295
16162
19484
12726
12635
13594
10079
18156
17480
14888
12913
19892
15713
14597
16698
19215
18135
14668
18372
11130
18199
11324
18471
17772
16663
18422
11398
12866
16669
12475
10575
18468
11352
11468
10277
13284
14373
10972
11009
15663
10086
13826
16009
13851
19355
11269
10224
10807
17998
10001
16318
12163
17148
13204
19486
16058
10024
16280
15994
18470
19313
13188
16608
19734
10831
11110
18329
18646
13736
15122
11549
13923
15239
17234
16934
10405
13537
10763
10085
17575
17509
15192
13557
11191
12168
17906
19345
18214
14603
11459
14469
17087
13187
12371
12240
12176
16183
13023
13263
17474
16884
11509
12682
11456
17800
14089
15188
12515
13226
10074
16713
19576
11537
11887
11345
13330
16040
19553
15298
16011
14229
17864
15887
17398
19042
10452
12558
15319
19348
11604
17908
14121
14700
16222
16867
10361
12171
13140
11762
12303
15803
15997
16220
14659
10175
14412
10318
10494
17854
16525
18359
12144
18469
16762
12792
19409
18302
19022
12378
17063
13065
17389
15121
10954
12122
13002
17679
16079
18186
19976
17196
16282
15955
16781
12766
11325
17372
14564
14482
16041
12497
17282
17209
11041
15533
10448
19186
12049
12112
11375
14486
13629
11810
16348
14738
13818
19668
17490
12530
18084
17258
15972
10959
14105
19725
10332
19289
14553
18495
18930
13502
16937
18461
17889
10091
12873
16469
13442
18801
14338
13621
12061
13770
13873
19420
11991
15768
10659
19301
18969
19080
18960
18043
18356
19899
18326
11776
15127
10699
18862
15936
16961
16835
12772
15052
15399
14747
13051
13004
16368
13438
12818
16416
19295
15672
15253
14465
12372
16558
13761
12710
14806
15880
12532
12105
11898
14051
17976
12622
14199
11842
19346
13484
19936
19170
19671
17555
11106
11277
13281
19497
11510
12681
14102
10236
10850
10463
11097
17346
11008
10801
18709
10661
16916
18710
19507
10026
17294
12013
18050
11975
16544
15593
10614
12328
14476
11690
17554
11195
16073
16617
17530
11150
17883
10436
13053
12715
15796
18669
18166
16398
10481
13295
10229
12824
11216
10193
13285
11566
15124
15276
11907
19851
17101
13595
13373
19224
15828
13878
18979
15609
12577
14961
15913
15309
11730
12379
18403
10206
10882
19343
19571
12125
12982
12788
15086
16475
15726
19660
10547
12207
11128
19767
18218
19282
12433
18697
17481
14968
16459
18591
16092
15568
14705
16948
16595
19689
16367
19383
12906
13251
15947
16425
12694
15241
10708
12799
16044
17340
14967
11781
14930
11085
14899
17135
17997
15475
11328
12422
13199
15839
17765
14421
16631
17925
17112
15255
12003
19359
18255
11798
17102
10691
18099
19620
11607
19262
19397
15314
17972
14569
14443
12329
17732
10216
17459
14655
11546
13600
13246
14701
12068
14322
10971
18085
16144
19290
15091
18826
19087
14498
17412
15357
12978
15916
16376
18572
12936
11290
16556
15430
19894
19633
11883
16877
11949
17752
11430
13722
13353
18253
16441
19297
13101
19551
12510
13322
13363
12895
15733
19993
14821
10021
15234
16428
16887
16193
19598
17610
18352
12340
13243
12665
16329
18871
19663
17767
11826
13273
11452
13207
16184
15470
13976
13210
13333
14050
16242
12153
16696
18446
12174
16204
15531
14779
14662
17865
10177
11076
12706
17733
16532
17053
15710
15978
17353
17795
19060
15669
11814
15400
15577
14681
17628
12152
14732
14018
17405
14689
18485
16317
16926
14963
12743
14531
14619
16759
13505
11678
11777
18860
16547
13590
16910
12432
11317
10915
10925
10748
13519
12709
17219
12456
18146
18695
12065
19122
19999
17457
19438
13269
16977
11614
18682
17425
14069
13344
18835
19558
19018
15903
15661
10143
15576
19658
19426
19604
13396
10980
17322
13086
11942
15491
16795
16498
16404
16621
12166
19897
18777
19788
11692
10829
18197
16454
17215
18752
14201
11304
13659
11122
12121
17568
10853
16958
18369
16964
18125
19157
15888
11037
19299
12055
14224
17552
14060
18937
16200
16034
13660
13149
10256
15925
16551
19322
15302
18995
12849
14598
15179
12186
11784
10717
17790
17737
11173
13200
11987
19800
12223
17265
16083
15388
12285
10435
16772
16764
12204
18621
11266
12617
16065
17361
14312
19258
18069
12684
13824
19533
16307
17390
15588
14772
13478
14185
12165
17542
10235
10609
10667
17231
12079
14687
12352
11384
15078
12957
11256
14596
11740
13918
14897
16932
12693
11794
16714
11817
12647
11797
11683
12700
11438
15651
19367
18785
13602
17375
11916
13019
12073
19637
14752
18715
18264
14480
14837
19879
19610
13893
18045
12129
15062
13524
16911
13870
17760
19958
15860
12729
19251
18154
15519
17017
18153
17406
17973
17669
16972
12307
19709
13361
12908
18948
14178
15185
16866
15538
12773
13634
10861
10128
10127
17821
19294
12162
15460
18076
10258
19932
17817
19650
17579
11123
12834
16725
15787
13907
14028
11705
14362
18887
14623
13847
15613
19059
18025
19307
12082
19447
14071
16555
19590
10352
12663
13079
19588
18624
17553
14452
18118
15162
10656
10518
12465
11725
16189
15865
15823
13733
15707
19242
11829
19691
11851
10512
19196
15834
17696
10014
15361
17276
11796
13261
19117
11147
14351
12645
16501
12601
13705
17478
11268
17122
12537
18232
16358
14982
11573
12972
11458
13091
11494
17964
11263
13751
14058
12445
19492
11755
11471
13526
18108
15912
14420
19905
11753
17605
10982
15892
16645
14665
10618
16618
14605
18335
18173
12974
14580
18059
14321
15269
13456
15543
18391
16382
13324
14466
13707
19983
14315
14570
19135
18853
13076
12765
10589
15492
10416
12192
12472
12180
17284
15692
12029
19673
16624
13037
19150
12170
14545
12318
19612
14083
17832
13411
10746
16023
14305
17187
15268
17706
15437
15811
10316
17263
19390
17637
14100
11286
11982
15617
11218
11002
10506
15080
18455
11760
14561
13946
15910
16099
13993
19102
18796
15625
14903
16685
16905
10694
11575
10144
18375
10676
13165
13393
11803
14448
11245
10137
17013
10298
16254
11625
16061
19247
18885
17162
10047
15979
17260
11124
18518
10095
15952
10827
13040
12546
19589
12272
12845
17957
13890
16226
11016
15068
17158
15024
12361
16611
16463
14719
11904
15364
11733
13767
17027
13436
16935
12047
16019
16576
12492
14926
13169
14824
19511
19131
12214
15200
11479
14024
12320
10401
14298
12505
19867
15119
11881
14567
10798
14493
11679
13376
13127
11387
11480
17044
18423
13122
16444
16383
13687
14529
14952
11232
17228
12823
18113
19988
17499
19207
17141
19662
18420
18873
17692
18476
17273
14588
13979
18981
13046
17007
17592
17674
13331
16639
11962
15272
13919
10917
19483
18696
16130
14873
17404
10012
13237
13940
17808
18473
15291
16330
12797
13582
17536
11198
15666
18505
11813
19572
15748
17172
16965
13266
11275
13982
16421
14221
15559
11545
15181
13879
14444
17423
18020
16852
12785
11748
18770
19305
11006
18620
15671
18706
12439
17184
17098
19229
16300
11257
14368
18336
16545
10610
19513
19445
19362
15628
11722
17744
16604
16872
19543
10906
12253
12605
16920
17537
18649
13920
10453
14507
18872
14378
17495
15289
13570
10729
19647
11512
11876
16591
16938
16385
15547
11136
17369
13734
19742
15077
18987
14119
18270
13154
14620
15781
13657
10042
19479
10629
12699
11168
15735
11421
17117
17173
15244
17570
12902
17683
17519
10476
14696
18533
15581
15680
15683
10652
18950
10065
12080
12722
16610
17896
16234
14819
16308
16456
17695
19703
17885
12342
12489
13859
14341
18780
18756
12970
19107
16216
17427
12440
14524
18297
18265
11943
14186
10491
15001
19640
12956
15788
13720
11867
12317
15156
19746
13531
13015
13715
10489
19881
17411
11744
19835
14976
14684
11696
18077
14175
14853
14497
19184
19319
10252
13952
10142
15320
13638
15869
14077
10445
15885
16133
17306
10032
13669
18869
17678
13171
11027
11208
18612
12916
19115
18174
12848
19816
15562
15931
19101
10420
16736
12588
10460
12517
15658
10392
13592
18526
15367
17476
12476
13308
19493
12276
12244
18771
19160
10208
12534
19111
18212
17742
12453
11488
18201
14848
13507
17802
19259
17366
16988
19902
17129
10274
14291
13345
11465
11974
13651
16331
14875
19276
10553
18275
10934
19136
14472
17910
14725
14581
13874
10812
17420
16369
19099
15771
19202
17296
12130
15051
13497
14889
10565
14325
16823
11001
12995
18905
14721
10475
13144
12686
11172
16299
18056
19127
12711
11844
12949
10034
11543
19330
13917
18124
15843
19643
19068
18409
19116
10720
13435
12541
12090
19452
19801
14098
14670
16684
12507
14360
17950
19189
15764
13581
13963
11673
17410
12175
19455
10301
18548
18892
16018
18657
16255
14101
10130
13087
15416
18594
13783
16172
19194
13958
13252
19914
19112
12714
10100
16652
10505
15296
16399
17646
18055
14554
15468
17801
15720
18457
14858
17590
17488
14035
14893
18357
17583
14907
13492
18198
18204
14496
14832
11280
17447
17419
12668
18797
16954
15047
10738
13242
17875
15964
10735
14713
18565
15922
14203
14440
10772
11090
13352
12650
17283
10182
12991
11938
10605
12609
16816
11923
15817
19405
19241
16751
15286
19037
16704
12246
19085
17629
12994
12739
10744
17720
12898
17824
19625
16990
13813
18590
16050
13094
16767
13844
15471
16087
17168
14252
13927
12920
10716
19695
19780
14755
19763
11806
16775
16452
19277
15937
14381
19357
15290
19034
16989
15840
19602
12341
14269
17714
13764
15645
18117
16513
16881
13460
18544
17050
12568
12961
11648
16853
10358
14757
19910
14978
10957
14183
17068
12874
10300
16665
12147
19755
15654
16928
18191
14695
15447
13139
15662
10509
17023
10704
16210
19834
14219
13125
19872
17739
11071
16239
14433
17163
10558
16149
13103
11676
18890
10312
10231
12983
10308
11040
15728
13093
11361
14002
15315
15694
18312
17131
13275
15311
19826
14925
11156
11340
16324
11445
11440
15462
18093
13391
14244
11554
15530
11206
12221
18272
14214
10363
17642
15495
10825
11583
11770
11845
14690
16043
13950
10210
12524
11767
13664
15987
14962
19555
16895
18291
18005
12861
18935
18609
12351
14403
10341
10590
10384
18601
18176
13822
17149
11301
15881
10124
13743
17435
14748
18888
19716
19033
14382
18109
15693
13672
12081
11931
17114
10487
15473
10484
13633
16430
14096
11271
10140
19243
17999
10226
11918
16301
11719
13716
19442
15679
19630
10762
19098
17241
15706
10631
15864
11706
16636
14790
19320
12868
11433
13446
15342
14064
10290
16782
12787
11201
13036
18570
14278
14397
19876
15147
16647
17155
12062
18030
15327
19723
14386
11598
10887
13753
14112
13861
10619
17244
16290
11133
17344
15889
19335
16784
19843
10785
13899
12296
17466
11869
17402
12712
16500
19729
10920
11315
17671
11559
12550
15819
16049
19222
10601
17740
14922
18493
19030
15021
13723
18225
13296
17825
11807
16562
18648
14621
10843
15730
10379
19158
11432
10662
15886
12661
14627
12804
11501
13776
14238
17935
11827
18665
13255
16819
14878
13297
17206
13214
19732
10294
13836
11298
11948
16858
15010
14152
12721
17393
18348
10771
16980
11406
16879
12426
16671
10646
12039
11514
16799
12002
14437
13506
18562
15454
10513
16585
11812
10209
14756
15189
16119
13513
14129
10305
18519
14408
18584
15304
17413
12554
15389
18252
16790
13877
17522
15344
16893
18281
17960
19375
19190
17838
14934
11758
11832
11187
15329
11197
19885
18194
14460
11529
19965
16575
15251
13649
15072
10299
12954
15140
10234
10681
15985
18701
16528
11185
12800
13014
17437
14604
13471
14439
13577
17606
11580
17830
19252
16943
17059
17951
16015
10766
12356
19784
16506
13461
16158
11080
12023
10138
13850
15135
16468
12009
14487
12740
14885
11120
16397
12549
19366
13123
11901
14838
16842
11879
16393
16727
15511
12482
13992
16054
13017
13472
10958
19226
16939
16178
10510
19371
18884
16332
11344
15984
14120
11970
15356
13287
19031
13543
12742
16802
18061
18977
13544
18845
10185
17384
13058
15982
14589
10219
14027
15120
11383
16107
13820
11415
10160
16116
16126
19197
12094
13768
18674
12771
14026
11731
19069
12103
17399
10649
10255
19946
13260
10094
19013
14133
18143
10408
10804
10350
15550
10188
10349
14970
10555
17238
13653
13583
18583
13793
14704
12336
11225
12064
16947
17246
19218
17768
10736
18933
10276
15450
12124
14933
18728
18161
10108
11640
15059
13787
11019
13074
10181
18830
12677
17944
18012
17242
11561
10415
15349
19334
17980
12014
11968
10620
19244
18510
13550
15589
13368
19862
19694
16284
13719
17333
11757
15455
11086
18024
10905
17314
14161
19210
10714
10598
12754
16206
14202
13689
11789
17190
17071
13209
10756
15061
16491
17188
19349
19113
12574
10674
18976
15164
17512
17119
19494
19557
14609
11307
15262
17264
17049
10339
15210
10998
12969
16857
19672
11994
19344
16529
12332
11395
15393
13380
15534
16445
14157
14106
12780
14022
18480
14344
15292
16564
18141
16059
18073
14261
16641
14347
19211
12768
11642
16653
19292
13443
16913
13264
14145
14865
16481
17595
10376
19927
11380
19047
17126
14628
10253
16340
16164
13775
19182
15953
13868
16215
13777
14800
10310
14571
17608
17280
16941
19869
14881
12543
17247
16448
17028
17123
15991
18049
15686
17527
14834
19798
10297
13152
17026
16559
15355
13552
13954
12026
18500
18689
16473
19912
17728
16813
19986
19942
17256
13744
14566
12455
18041
14233
10336
11926
15966
17963
14634
16342
10080
17638
18918
12441
13290
18036
12197
19402
18065
15331
16371
10724
18874
15528
14844
16673
13066
13494
10167
14533
14975
15623
15402
12011
18234
13584
18547
11230
19561
18743
15769
11536
12646
11749
11820
10335
19450
14053
14510
14080
11167
13828
11539
17097
11288
19007
12730
10623
15426
19464
19624
18992
12813
12607
17663
12783
10660
16212
13799
10865
11601
18758
19372
11153
18013
14075
17086
18673
10326
10097
17115
18513
18685
17839
19159
13249
17941
12944
19715
11815
14337
16292
18761
14578
10941
11980
11714
14541
14375
14799
17621
19245
15539
11670
10284
12099
15258
17236
13500
10214
16455
17806
11752
14572
14563
10612
14797
15267
18645
11486
17356
15480
19385
14901
14031
12881
11031
12478
16808
13567
18132
15946
19779
18846
17535
10501
12924
11507
10721
19996
14784
17177
11550
18417
17213
15428
15585
13223
12283
16552
13665
16111
14177
18215
19496
15351
18988
16138
16146
10395
12602
16826
11228
18130
13222
11675
19281
15106
13025
12394
10677
18560
14491
14332
15410
15708
18549
16850
13731
19548
14636
15853
18384
15883
18140
17974
18745
17348
14882
18243
12552
11368
15774
16693
13803
18893
17688
12986
15737
13414
10417
15716
11590
13839
10367
18516
16900
12518
10645
15847
10625
19661
12415
17791
11685
13247
18274
18226
10073
19975
16352
11558
15586
16699
14267
16291
18788
13728
17506
11169
15326
18379
15238
12118
18278
17221
19984
16295
11716
14951
13514
15711
18107
11728
19147
15485
14380
11939
16450
10488
19217
18782
16400
11998
13283
10858
16453
12651
10530
11833
19482
17932
15938
11276
16593
15370
19778
14418
14359
12252
19288
11367
13481
11448
19039
12930
11204
15242
13673
16390
13909
11821
13100
13778
14372
19761
15196
12948
10153
15766
17075
13989
12413
12316
17416
15604
11295
12006
11895
18883
18290
19006
19001
18276
19094
19803
11248
17497
14855
17546
15601
13532
19760
12010
12561
14532
14081
15759
10893
17011
16542
12399
16377
10840
17690
15665
15591
19829
13213
17726
10010
17938
13465
16143
17840
14736
15489
13773
17588
16333
15026
16022
17308
10931
14409
13174
14734
17403
16789
17622
12370
13508
15101
16395
18241
18123
14711
11270
17250
11555
14610
11069
11627
15742
12749
14641
17377
12237
10132
16803
18952
15814
15279
13008
11518
13143
11946
11137
15003
18477
15610
12190
17083
19443
17092
12735
15223
18747
14016
14766
13576
19629
11143
19953
17262
10770
14845
12498
11000
15841
13359
11745
14111
17293
10404
11656
19743
18361
16370
14769
19380
11369
19431
17334
12584
17664
17753
10740
19938
14862
13245
18408
12876
18390
15113
15835
14017
16414
19476
11830
12044
11711
13527
19809
19827
14886
10054
13854
18494
14296
17614
14015
11775
17604
14798
16720
16800
14666
16025
17961
19580
10266
12987
18514
19701
13183
17249
14939
14929
17029
12764
17036
11165
15448
18763
18452
19812
12454
13248
19980
12592
15599
17730
13607
14707
16897
17414
14458
16311
16113
13588
11007
19772
16791
10978
16664
16804
16470
17829
16929
18158
16674
17212
17521
11596
17235
16039
16403
15138
14749
11553
17689
13179
11742
19302
10430
14539
16540
19389
16145
12638
14268
14787
14462
19249
18827
11410
18680
14029
18121
10207
11056
17137
13586
18840
17336
18653
18245
16892
13932
13224
18726
18507
15204
10359
14410
11774
11105
11088
19004
16190
15358
14544
10394
10355
10923
18250
18543
15022
13725
19810
17041
18491
13006
13360
11958
13785
19758
13039
10686
15826
10369
17668
13817
15770
17271
13840
11066
17902
12718
10780
16129
15509
16102
11587
12473
10520
13348
13081
13942
10611
12133
13933
18921
16643
15440
16549
14861
13192
12479
19545
17538
11630
14464
15369
14775
12469
14230
12878
16845
11785
14932
15414
10761
18576
17073
18288
12249
14869
14398
19750
19432
11476
13574
10110
18142
16320
17930
14097
14638
17524
11861
12915
10023
18074
11995
11178
18057
18864
16488
18413
14883
13003
18472
14470
18925
16662
11856
18900
14290
17600
19140
18694
18757
11952
17329
18023
13848
12458
17195
19138
15054
16695
14333
19687
14079
16057
13795
10343
17121
13288
14065
15950
15215
11098
17653
16028
14863
18964
19504
13779
12132
18434
11427
11988
18972
16903
15083
13083
18836
16706
16442
17991
14969
15346
12540
13482
19863
10726
14401
15457
19518
15776
17640
17564
15704
17547
11294
10457
19391
16316
14804
14953
13236
16165
19613
11664
19977
12259
14405
18829
11652
11638
10860
14919
13849
12637
10383
19336
14226
12279
15808
13358
17397
16047
17441
15288
13978
15354
17072
17782
15526
16303
11910
10248
16650
13652
18192
11592
19416
12274
17848
10158
10344
17201
13766
15752
18551
18967
19095
10174
14940
17082
16344
18324
15583
13096
17318
15144
19628
14450
12038
12404
17434
19308
16560
18292
15066
13235
19280
15856
17257
18027
16606
15954
16387
16661
15904
14593
15545
13694
12355
15566
15337
19937
14013
15646
18078
19676
10117
19607
15629
11567
12137
17747
16512
14034
18767
11809
11039
17917
10696
16983
16573
15456
17298
13271
16115
19957
18575
17785
16196
12841
19648
14754
11366
12470
12304
14613
19446
16409
18692
18593
16447
16365
13548
17929
19884
14964
12325
16401
18373
13001
17216
18279
12688
16218
14877
13980
14404
16837
11355
14802
19540
19114
13062
18407
17556
18388
14733
17254
10544
19223
10864
18479
19169
10271
17994
12228
12161
14916
15923
17065
18661
10072
16658
10573
15731
15427
13786
16809
17104
16415
15104
14393
17364
18891
13846
13016
10824
18033
12690
18111
19465
11024
15076
17899
12020
15512
18704
17444
13647
19331
13105
16924
12809
16243
16777
19842
19055
12282
12825
17316
17143
12630
14608
11145
11353
12713
16244
12363
17931
15948
11321
13082
12431
18508
10347
17879
14263
14288
15786
10928
11743
15857
16620
16227
17469
12111
16510
10324
11872
13566
11214
11963
17763
13437
14785
17477
11582
17517
12353
12148
14151
15303
11631
18371
19559
14274
12854
19766
12872
10908
12653
19690
13124
18193
10875
12629
12474
17919
18737
15088
10319
10345
15028
12933
11941
11900
11078
14559
11622
13678
10413
13997
14473
14494
18564
10075
17837
17274
13894
14706
10330
13512
17946
15133
14488
13511
19017
13089
17022
11193
12247
12879
18378
13994
15340
12418
12989
15572
11022
19324
15620
14698
16187
14914
16287
14364
14773
11571
11337
14234
16326
14763
12313
15172
17525
14947
17462
14206
19667
11602
11608
18310
16232
17179
16701
13988
17699
12914
17451
10531
19627
10990
18941
16356
10847
14841
14667
13763
11087
17042
11084
18091
13202
18708
12757
17056
14156
19962
17261
10689
14928
14979
18754
13117
14607
15501
15423
11209
19104
16310
12452
15134
16596
19350
18267
16027
16626
19972
13050
10083
13102
18262
18203
17836
12975
11279
15772
12999
10754
10808
10607
13178
16449
10397
15203
14650
10386
10536
10480
10760
17285
10940
17851
10304
11669
17532
11402
16565
10378
19981
19656
13748
18732
19180
11112
10087
11404
10776
14657
13206
14549
13112
14023
14147
15780
16434
15170
18913
11363
13126
14813
14108
10122
15637
17502
10669
14019
13298
18880
14825
16386
19909
14714
11734
17846
18806
13698
13364
19621
16486
12634
18965
12943
14778
18032
17844
15406
11028
11242
17581
17574
12348
15973
12085
11174
12053
14658
13106
12467
17089
15235
17200
12059
12858
12231
18996
11564
10133
19785
12732
19726
15612
17339
16272
18300
16839
10789
11180
10707
13367
17868
18343
17900
12843
10886
12319
13035
19567
10870
19740
18260
14109
15688
16265
11229
16514
16722
19395
16614
19601
13662
16169
14092
11231
15935
13729
17852
17749
16644
12203
15465
15758
19174
18216
15870
10592
13459
12642
16524
17004
13072
10168
19510
14383
17587
11849
16211
12075
10769
16580
19890
11783
13498
16271
12401
16768
13809
10634
10918
15863
10909
12544
11984
13305
15765
11993
10811
17128
13189
15477
13334
15093
10283
16312
14653
11693
14995
16319
13317
19286
14187
10837
19875
19931
16615
11922
13048
12358
18009
19340
13277
18237
10927
13159
13450
14854
13684
17373
10822
13749
18922
15838
12888
13044
10121
15467
10902
16739
10710
10017
12613
14173
14552
17810
18442
12672
17833
18755
13319
15660
14852
12886
18321
13400
16906
16718
15419
14739
14557
17320
15667
12421
18426
12086
16472
16273
11482
12911
11658
10008
11689
15905
14915
13191
10423
18456
15739
16076
13788
10912
16600
18802
10820
12200
15108
11885
13805
13244
12506
16771
15155
12388
15541
17573
18488
10272
12164
16993
19508
17010
12339
10169
12447
16715
15522
14686
12511
12791
13655
13342
18086
16950
15458
17625
12486
19665
10647
15006
15411
11523
15060
19043
12451
12763
19436
17586
14427
16951
18724
12977
16726
17551
10045
12108
10511
11531
17424
12836
14329
15590
12403
10003
12953
13929
18520
12070
10854
19681
14117
10999
18647
10976
12269
19795
18828
10296
13882
11699
15318
13811
12762
19961
19317
15809
10499
16128
18721
12619
16798
19882
15621
10348
19303
10715
18285
10115
16497
15855
10826
19126
10302
13598
11346
14645
13365
19645
10279
14297
17498
17812
17751
13542
17503
16420
16405
18066
11906
13387
17712
13674
10068
16707
10089
11065
17223
17060
19032
10179
19063
18430
11341
19473
19352
13829
11050
16628
12752
15508
11629
10381
12058
19236
17178
12402
19424
12500
19883
18637
11697
15515
